['Student Recreation Center',
 1834612755,
 1834612761,
 1834612830,
 8820454847,
 1834612826,
 7843978612,
 7843978613,
 1834612831,
 6789977898,
 9393553364,
 9393553366,
 9393553369,
 9393553368,
 1710387227,
 7843978504,
 7843874663,
 7843978503,
 7843978608,
 9393553421,
 9393553422,
 9393553416,
 7843978509,
 9393553431,
 7843978515,
 7843978511,
 7843978518,
 7843978512,
 9393553433,
 7845279000,
 7843822020,
 7843822013,
 7843978627,
 7843978635,
 7843978617,
 3692406481,
 7843978632,
 4616380697,
 4616380700,
 4600044581,
 4600044582,
 9393553405,
 4600044580,
 4635986000,
 11203167606,
 7843978660,
 3692406517,
 3692406518,
 1710387210,
 8820454975,
 9766793702,
 3692407531,
 9766793701,
 7841804975,
 1710387241,
 1710387243,
 8820454922,
 3692407598,
 3692407600,
 3692407602,
 3692407610,
 3692407615,
 3692407605,
 3692407596,
 3692407589,
 2540142725,
 3692407583,
 3692407575,
 3692407593,
 3692407587,
 3692407576,
 3692407571,
 7843874692,
 3692407565,
 7843874684,
 3701375684,
 7843874682,
 7843874683,
 7843874688,
 7843874689,
 1710387239,
 7841804986,
 7841804987,
 7843822008,
 7845279048,
 7844747096,
 7843822009,
 1829205022,
 6970795342,
 6970795343,
 7844747091,
 9393553380,
 9393553378,
 9393553439,
 9393553424,
 7845455109,
 9393553351,
 7843874616,
 7844747097,
 3701375679,
 5142154979,
 3701375683,
 5142154965,
 7843874725,
 7843874706,
 5142154950,
 5142154977,
 5142154951,
 5142154952,
 5142154954,
 5142154953,
 5142154955,
 5142154956,
 5142154958,
 5142154957,
 5142154959,
 5142154960,
 5142154962,
 5142154961,
 5142154963,
 5142154964,
 7843874712,
 3701375675,
 7843874667,
 3692406511,
 3692406509,
 3692406508,
 3692406514,
 3692406515,
 8820454906,
 8820454892,
 7843874662,
 5142154984,
 7843874660,
 7843874661,
 7843874656,
 2165031170,
 2165031162,
 7843874653,
 2165031176,
 7843874654,
 2165031247,
 2165031219,
 2165031163,
 2165031243,
 2165031157,
 2165031220,
 2165031192,
 2165031217,
 2165031204,
 2165031158,
 2165031258,
 7843874669,
 5142154981,
 3701262005,
 7843874668,
 3701262011,
 2165031252,
 2165031194,
 5142154975,
 7843874678,
 1710387215,
 8820454874,
 11539444678,
 8820454866,
 2540142759,
 7844877417,
 122772333,
 6808057103,
 9393637882,
 6808057104,
 6808057105,
 3692407730,
 3692407726,
 6561290558,
 7844877354,
 3692407624,
 3692407740,
 3692407739,
 3692407622,
 3692407621,
 3692407620,
 3692407619,
 3692407613,
 7844877451,
 3692407617,
 7844877471,
 122775099,
 7844877473,
 7844877474,
 7844877467,
 7844877468,
 122612351,
 9393637865,
 3692407533,
 122612349,
 3692407536,
 3692407539,
 3692407541,
 3692407543,
 3692407546,
 3692407547,
 3692407552,
 8820454912,
 122613394,
 3692407561,
 3692407566,
 3692407569,
 2165032027,
 3692407563,
 3692407559,
 3692407554,
 3692407550,
 8820454907,
 3692407544,
 3692407542,
 3692407540,
 3692407538,
 3692407545,
 3692407591,
 3692407586,
 8820454918,
 3692407556,
 6968273396,
 6968273395,
 7844877350,
 7844877469,
 7844877470,
 11203167588,
 122793662,
 9393637866,
 122763478,
 122763476,
 122686324,
 2012875528,
 122686316,
 122683106,
 122763503,
 122913904,
 122909316,
 122913902,
 122913899,
 7843978577,
 7843978567,
 7843978566,
 7843978565,
 7843978541,
 122993491,
 7843978545,
 7843978573,
 1834612698,
 1834612691,
 1834612676,
 1834612543,
 'Visual Arts Center',
 1834612409,
 1834612410,
 1834612389,
 'Nutwood Parking Structure',
 1834612376,
 1834612362,
 1834612335,
 1834612330,
 1834612339,
 1834612364,
 1834612326,
 2528899100,
 3583764510,
 122616962,
 9393553469,
 9393553470,
 9393553475,
 4704285643,
 4704285620,
 4704285617,
 122616972,
 3583764517,
 5707720627,
 7844695886,
 7844695865,
 7845418988,
 2528899106,
 7845419002,
 7844695901,
 7844695900,
 7844747009,
 7844747008,
 7845419003,
 7845419001,
 7845419004,
 7845455094,
 7845418999,
 7843874587,
 7845418997,
 7845418993,
 7845418991,
 7845351075,
 7845351073,
 122616975,
 1834566336,
 1834612373,
 1834612379,
 7845351067,
 7845351068,
 7844746999,
 7843874593,
 7843874589,
 7843874588,
 7845390067,
 7845418990,
 7845418989,
 9393553449,
 9393553457,
 7843978536,
 4931200344,
 7843978530,
 7843978537,
 7843978535,
 'McCarthy Hall',
 7843978513,
 7843978516,
 8820454851,
 7843978514,
 1834612679,
 1834612609,
 'Titan Student Union',
 7843978604,
 6134308188,
 6134308196,
 9393553347,
 9393553348,
 8820454849,
 9393553443,
 6134308193,
 1834612737,
 1834612753,
 1834612731,
 8820454829,
 1834612729,
 7843978572,
 7843978546,
 7843978587,
 7843978588,
 1710387238,
 122913905,
 7843978589,
 7844747102,
 7844747101,
 7844877440,
 6789977897,
 'Performing Arts Center',
 'Pollak Library',
 7845279010,
 7843978527,
 7845279022,
 7845279013,
 7845279016,
 7843822025,
 7843822026,
 7843822024,
 7843822036,
 7844747071,
 7845279044,
 9393670533,
 9393670543,
 9393670526,
 9393670535,
 9393670539,
 9393670538,
 9393670540,
 9393553456,
 9393670541,
 7845455101,
 7845279038,
 7844747058,
 6968273392,
 1834821451,
 1834821449,
 1834821447,
 1710390484,
 1834821446,
 1834821448,
 1834821450,
 1834821452,
 6968273394,
 6968273393,
 6124155607,
 7844747024,
 6128948109,
 'Eastside Parking Structure',
 7844747016,
 7844747015,
 6124178832,
 6124178833,
 6124178806,
 6128948106,
 6128948107,
 5142206260,
 5142206253,
 11203167619,
 5142206249,
 5142206250,
 7844685772,
 5142206247,
 5142206246,
 5142206243,
 5142206244,
 5142206245,
 5142297118,
 3692406492,
 3692406491,
 3692406496,
 11203167608,
 3692406513,
 11203167607,
 3692406490,
 3692406482,
 3692406480,
 5707720626,
 5142154980,
 7844747080,
 5142217040,
 1710387249,
 1834650096,
 7843822041,
 9393670531,
 1710390472,
 1710390486,
 1834821458,
 1834821455,
 1834650114,
 1834650118,
 1834650116,
 1834650120,
 'Engineering Building',
 4635982882,
 4635982881,
 10607607374,
 11203167618,
 10607607382,
 7844747028,
 6124178813,
 6124178820,
 1710390469,
 1710387207,
 11203167610,
 7845455090,
 4704274777,
 7845455088,
 7844747035,
 7845455097,
 7843822060,
 7844747048,
 7844747047,
 7843822061,
 8820396974,
 8820396988,
 7845419006,
 'Langsdorf Hall',
 9393553445,
 'Mihaylo College of Business and Economics',
 'Steven G. Mihaylo Hall',
 1931779371,
 4704274773,
 4704274772,
 4704274770,
 7844695926,
 4704274776,
 3583764516,
 1710387225,
 4083327042,
 7844695921,
 7844695922,
 9393624774,
 4704274717,
 4704274707,
 4704274706,
 4704274705,
 4704274703,
 4704274704,
 4704274718,
 4704274715,
 4704274714,
 9393624770,
 4704274713,
 4704274737,
 2017614532,
 4704274749,
 6968273398,
 9393611088,
 6968273397,
 4913637458,
 4704274747,
 4704274748,
 4704274721,
 4704274720,
 4704274723,
 4704274722,
 4704274725,
 4704274724,
 4704274727,
 4704274735,
 9393624763,
 4704274732,
 4083327032,
 4083327037,
 9393624764,
 4704274743,
 4704274744,
 'College Park Building',
 4913637454,
 7844695918,
 7844695917,
 7844695916,
 2528899087,
 7844695915,
 7844695911,
 3583764520,
 122618984,
 7844695907,
 7844695908,
 7844695909,
 7844695910,
 8460061038,
 8460061046,
 4083327033,
 9393553487,
 9393553488,
 6117833591,
 4083327021,
 122881645,
 4539297077,
 9393620174,
 4539297075,
 4539297074,
 9393624769,
 4539297068,
 4539297065,
 11619472211,
 9393553491,
 9393553493,
 6805539333,
 5772029252,
 5772029753,
 2175024900,
 9393553496,
 4704274758,
 4704274753,
 4704274751,
 4704274759,
 2017643291,
 7079692825,
 9007279485,
 9007279484,
 9007279486,
 9007279483,
 7844695871,
 122882543,
 3583764518,
 7844695866,
 7844695867,
 7844695869,
 9393553477,
 9393553476,
 4704285612,
 4704285613,
 4704285614,
 4704285615,
 7844695903,
 7844695902,
 7844695905,
 9393553485,
 9393553486,
 9007279488,
 10880318411,
 7982331729,
 6117820484,
 9007279480,
 6117833585,
 9007279481,
 9007279479,
 9976338356,
 7844695920,
 9393611086,
 4704274736,
 4704274726,
 4704274733,
 4704274734,
 4704274731,
 4704274730,
 4704274729,
 4704274728,
 9393611087,
 9393624771,
 2017614534,
 4704274719,
 122562951,
 9393624778,
 122562954,
 11203244426,
 3077720343,
 11203244427,
 11203244428,
 3077720345,
 11203244429,
 9393624809,
 9393624808,
 3533840252,
 3533840256,
 3533840255,
 3533840260,
 7243796986,
 7243796989,
 8474146622,
 9393620214,
 3533840261,
 3533840266,
 9393620215,
 3533840272,
 3533840273,
 3533840270,
 3533840283,
 3533840286,
 3533840280,
 1903388045,
 1903388058,
 9393670517,
 122786961,
 3701838231,
 122563021,
 3533840287,
 3701838230,
 122900442,
 3077720652,
 3077720655,
 3077720653,
 123023315,
 11203244432,
 122900932,
 3077720344,
 8474109811,
 8474109806,
 9393624805,
 9393624806,
 3533840251,
 9393624804,
 8474109810,
 8474109812,
 9393620213,
 8474109813,
 8474146620,
 8474146619,
 8474146621,
 11203244434,
 9393624802,
 3077720341,
 9393624788,
 11203244430,
 7981160193,
 9393624797,
 8519572227,
 8519572228,
 8519572226,
 3533840242,
 3533840243,
 8519572229,
 3533840246,
 9393624786,
 3533840250,
 9393624783,
 3533840233,
 11342376741,
 4704287718,
 4704287713,
 4704287714,
 4704287710,
 4704287709,
 4704287707,
 9393620205,
 4704287712,
 3533840235,
 9393620206,
 9393620207,
 3533840240,
 4612655790,
 4612655777,
 8519572224,
 8519572225,
 4612655789,
 122779849,
 3077720651,
 122779847,
 122796233,
 3077720654,
 9393620204,
 9393620203,
 4704287699,
 4600428695,
 4600428693,
 4704287703,
 9393620202,
 4704287702,
 4704287705,
 4704287700,
 4704287701,
 4704287706,
 4704285686,
 4704287704,
 4704287697,
 4704285688,
 4600428694,
 4600428696,
 4704287708,
 3533840239,
 3533840275,
 3533840274,
 1903388040,
 3533840265,
 414550180,
 414550181,
 414550182,
 2017643516,
 4242569135,
 4242569150,
 11203244419,
 11203244420,
 11203244421,
 7845497953,
 11203244418,
 9393638041,
 9393638039,
 4242569145,
 414550167,
 414550168,
 414550169,
 7844685784,
 3583764515,
 7845497957,
 4242569143,
 4242569129,
 7845497956,
 7845497949,
 7845497952,
 7845497948,
 4242569133,
 4242569136,
 414550212,
 122775093,
 9393638037,
 7844877411,
 7844877412,
 122743270,
 7844877415,
 7844877416,
 9393638029,
 7844877408,
 7844877414,
 6790297289,
 9393637878,
 6790297290,
 6790297294,
 6790297295,
 7844877413,
 7844877401,
 7845497960,
 7845497958,
 9393638035,
 9393638061,
 122775090,
 4244652089,
 9393638058,
 9393638059,
 9393638060,
 4242569151,
 11203244422,
 9393638056,
 9393638055,
 9393638053,
 7884920969,
 7884979416,
 7884979417,
 7884979406,
 7884979408,
 7884979409,
 7884979410,
 7884979399,
 2017614829,
 2017614808,
 122766215,
 122766210,
 122728746,
 122800571,
 122843032,
 122843034,
 122843027,
 122903975,
 122903977,
 122903972,
 122728743,
 2017614668,
 3533843744,
 3533843742,
 3533843740,
 3533843709,
 3533843702,
 3533843710,
 3533843711,
 122646117,
 3533843715,
 3533843720,
 3533843722,
 3533843705,
 3533843695,
 3533843699,
 3533843728,
 3533843737,
 3533843733,
 3533843748,
 3533843749,
 3533843731,
 2017614853,
 9007307581,
 9007307580,
 2017614851,
 7884932857,
 7884932855,
 7884932853,
 7884932851,
 7884932848,
 2017614978,
 2017614984,
 2017614981,
 7884979404,
 7884979405,
 7884979407,
 7884932849,
 7884932850,
 7884932852,
 7884932854,
 7884932856,
 7884979413,
 9393638049,
 4704274763,
 4704274766,
 8552673888,
 'Gordon Hall',
 7843822057,
 7844747051,
 7845455100,
 4704274784,
 3701549125,
 7844747019,
 1834821456,
 'Humanities Building',
 'Education Classroom Building',
 1834650101,
 7845279021,
 7843978618,
 7843978523,
 'Parking Structure',
 1834612369,
 7083541635,
 7845418987,
 5535502563,
 4704285644,
 4704285642,
 4704285641,
 4704285646,
 4704285658,
 4704285636,
 4704285635,
 4704285659,
 4704285631,
 4704285629,
 9393553463,
 4083327025,
 1971164696,
 9393553462,
 2386572892,
 2386572893,
 2017643282,
 8646560961,
 1971164693,
 8646560957,
 1971164691,
 2386572886,
 9007279489,
 2386572890,
 9393553461,
 1971164690,
 2017614493,
 2386572888,
 2017614495,
 2386572891,
 2386572889,
 3583764505,
 122893153,
 7844695874,
 7844695875,
 4083327039,
 7844695877,
 122763465,
 122763467,
 122763463,
 122862963,
 122893143,
 122893142,
 122763459,
 7844695878,
 4083327055,
 7843978562,
 2668111107,
 6128856083,
 9766835922,
 6128856288,
 6128856287,
 6128856286,
 9766835921,
 7663139804,
 7843978543,
 7843978544,
 1834612413,
 7843978542,
 7844952266,
 7663139809,
 6792890487,
 2668122930,
 122993481,
 7843978571,
 7844952269,
 2668122932,
 6792890497,
 6792890492,
 6792890495,
 6792890496,
 6792890486,
 7844952268,
 7663139808,
 7843978561,
 7843978557,
 8820396989,
 2528899137,
 3583764508,
 1834566290,
 7844695873,
 8820397016,
 8820454823,
 7841804907,
 8820454817,
 8820396992,
 4704285623,
 4704285624,
 4704285622,
 4704285625,
 9007279505,
 4704285633,
 4704285634,
 4704285649,
 4704285645,
 4704285632,
 4704285640,
 1834566297,
 1713134598,
 1834612414,
 1834612620,
 123027526,
 123090674,
 2012875522,
 2012875537,
 7844877241,
 122728047,
 122728059,
 123079409,
 122930156,
 123082957,
 122728065,
 7844877243,
 7844877242,
 2012875636,
 123037735,
 123037733,
 1915081586,
 3692406501,
 3692406502,
 3692406504,
 3692406506,
 3692406505,
 5142297157,
 7844877472,
 7844877498,
 3692407616,
 3692407735,
 9393637883,
 11203167582,
 7843874686,
 7843874687,
 7843874681,
 3692406521,
 3692406523,
 3692407525,
 3692407529,
 3692407526,
 3692406493,
 3692406494,
 3692406487,
 3692406488,
 3692406485,
 3692406499,
 'Athletics Fields',
 5142154978,
 7843874710,
 9393553418,
 9393553423,
 'Titan Gym']
